row_index,true_label,predicted_label,prob_High Yield,prob_Investment Grade High Risk,prob_Investment Grade Low Risk
5,Investment Grade High Risk,Investment Grade High Risk,0.008,0.626,0.366
8,Investment Grade High Risk,Investment Grade High Risk,0.0,0.932,0.068
10,Investment Grade High Risk,Investment Grade High Risk,0.044,0.632,0.324
12,Investment Grade Low Risk,Investment Grade High Risk,0.004,0.774,0.222
20,Investment Grade Low Risk,Investment Grade Low Risk,0.062,0.458,0.48
30,Investment Grade High Risk,Investment Grade High Risk,0.18357692307692305,0.4164230769230769,0.4
39,Investment Grade High Risk,Investment Grade High Risk,0.082,0.782,0.136
48,Investment Grade Low Risk,Investment Grade High Risk,0.004,0.956,0.04
51,Investment Grade High Risk,Investment Grade Low Risk,0.18164805624483044,0.37035194375516955,0.448
52,Investment Grade Low Risk,Investment Grade Low Risk,0.0,0.13774669610216006,0.8622533038978399
65,Investment Grade Low Risk,Investment Grade High Risk,0.02,0.826,0.154
66,Investment Grade Low Risk,Investment Grade High Risk,0.082,0.858,0.06
68,Investment Grade High Risk,Investment Grade Low Risk,0.088,0.442,0.47
75,Investment Grade High Risk,Investment Grade Low Risk,0.2382188743156485,0.36578112568435156,0.396
87,Investment Grade High Risk,Investment Grade High Risk,0.074,0.632,0.294
88,Investment Grade High Risk,Investment Grade High Risk,0.048,0.704,0.248
89,Investment Grade Low Risk,Investment Grade Low Risk,0.002,0.017341151292359937,0.9806588487076401
90,Investment Grade Low Risk,Investment Grade Low Risk,0.002,0.015341151292359937,0.9826588487076401
92,Investment Grade Low Risk,Investment Grade Low Risk,0.008,0.008,0.984
93,Investment Grade High Risk,Investment Grade Low Risk,0.08002627089385711,0.333973729106143,0.586
94,Investment Grade High Risk,Investment Grade Low Risk,0.032,0.322,0.646
95,Investment Grade Low Risk,Investment Grade Low Risk,0.004,0.044,0.952
96,Investment Grade Low Risk,Investment Grade Low Risk,0.008,0.006,0.986
97,Investment Grade Low Risk,Investment Grade High Risk,0.006,0.534,0.46
98,Investment Grade Low Risk,Investment Grade High Risk,0.076,0.54,0.384
103,Investment Grade High Risk,Investment Grade High Risk,0.1667615798859403,0.5872384201140598,0.246
106,Investment Grade High Risk,Investment Grade Low Risk,0.014,0.318,0.668
114,High Yield,Investment Grade High Risk,0.2,0.746,0.054
118,Investment Grade Low Risk,Investment Grade Low Risk,0.0,0.266,0.734
125,Investment Grade High Risk,Investment Grade Low Risk,0.022,0.342,0.636
134,Investment Grade Low Risk,Investment Grade Low Risk,0.0,0.096,0.904
135,Investment Grade Low Risk,Investment Grade Low Risk,0.0,0.096,0.904
136,Investment Grade Low Risk,Investment Grade Low Risk,0.0,0.056,0.944
137,Investment Grade Low Risk,Investment Grade Low Risk,0.012,0.15,0.838
141,Investment Grade Low Risk,Investment Grade Low Risk,0.0,0.04993779578262145,0.9500622042173786
143,Investment Grade High Risk,Investment Grade Low Risk,0.344,0.202,0.454
144,Investment Grade High Risk,Investment Grade Low Risk,0.324,0.114,0.562
152,Investment Grade Low Risk,Investment Grade High Risk,0.2653035237779082,0.5666964762220917,0.168
160,Investment Grade High Risk,Investment Grade High Risk,0.034,0.79,0.176
167,Investment Grade Low Risk,Investment Grade Low Risk,0.0,0.134,0.866
168,Investment Grade Low Risk,Investment Grade High Risk,0.07776344086021506,0.6122365591397849,0.31
171,Investment Grade High Risk,Investment Grade High Risk,0.0,0.574,0.426
175,Investment Grade High Risk,Investment Grade High Risk,0.214,0.61,0.176
185,High Yield,High Yield,0.522,0.2,0.278
195,Investment Grade High Risk,Investment Grade Low Risk,0.026,0.194,0.78
202,High Yield,Investment Grade High Risk,0.122,0.454,0.424
203,High Yield,Investment Grade Low Risk,0.038,0.368,0.594
210,Investment Grade Low Risk,Investment Grade Low Risk,0.0,0.21729478898782478,0.7827052110121753
213,Investment Grade Low Risk,Investment Grade Low Risk,0.0,0.012,0.988
214,Investment Grade High Risk,Investment Grade Low Risk,0.10748387714035283,0.3585161228596472,0.534
215,Investment Grade High Risk,Investment Grade High Risk,0.052,0.74,0.208
218,Investment Grade High Risk,Investment Grade Low Risk,0.1279362156231261,0.35606378437687386,0.516
232,Investment Grade High Risk,Investment Grade High Risk,0.008,0.67,0.322
234,Investment Grade High Risk,Investment Grade High Risk,0.1667615798859403,0.5872384201140598,0.246
239,Investment Grade Low Risk,Investment Grade Low Risk,0.004,0.122,0.874
259,Investment Grade High Risk,Investment Grade Low Risk,0.282,0.35,0.368
265,Investment Grade Low Risk,Investment Grade Low Risk,0.0,0.012,0.988
268,Investment Grade Low Risk,Investment Grade Low Risk,0.022,0.17,0.808
279,Investment Grade Low Risk,Investment Grade High Risk,0.04,0.608,0.352
285,Investment Grade Low Risk,Investment Grade Low Risk,0.176,0.292,0.532
296,Investment Grade High Risk,Investment Grade High Risk,0.058,0.818,0.124
301,Investment Grade Low Risk,Investment Grade Low Risk,0.0,0.012,0.988
313,Investment Grade Low Risk,Investment Grade Low Risk,0.001426086956521739,0.011672814142379358,0.986901098901099
316,Investment Grade Low Risk,Investment Grade Low Risk,0.04,0.348,0.612
324,Investment Grade Low Risk,Investment Grade Low Risk,0.036,0.124,0.84
337,Investment Grade High Risk,Investment Grade High Risk,0.03315384615384615,0.5508461538461538,0.416
341,Investment Grade High Risk,Investment Grade High Risk,0.292,0.554,0.154
345,Investment Grade High Risk,Investment Grade Low Risk,0.252,0.268,0.48
354,Investment Grade Low Risk,Investment Grade Low Risk,0.064,0.086,0.85
360,Investment Grade Low Risk,Investment Grade Low Risk,0.324,0.252,0.424
362,Investment Grade High Risk,Investment Grade Low Risk,0.012,0.348,0.64
364,Investment Grade Low Risk,Investment Grade Low Risk,0.244,0.276,0.48
370,Investment Grade High Risk,Investment Grade Low Risk,0.038,0.378,0.584
371,Investment Grade High Risk,Investment Grade Low Risk,0.162,0.108,0.73
376,Investment Grade Low Risk,Investment Grade Low Risk,0.11120040553558418,0.29079959446441594,0.598
377,Investment Grade Low Risk,Investment Grade Low Risk,0.08521809035972062,0.2587819096402794,0.656
