row_index,true_label,predicted_label,prob_High Yield,prob_Investment Grade High Risk,prob_Investment Grade Low Risk
5,Investment Grade High Risk,High Yield,0.9989085837190818,0.001078910690842283,1.2505590076211802e-05
8,Investment Grade High Risk,Investment Grade High Risk,0.029354501271836118,0.9595888070116778,0.011056691716486124
10,Investment Grade High Risk,High Yield,0.9972857728809325,0.002682464605480679,3.176251358687183e-05
12,Investment Grade Low Risk,Investment Grade High Risk,1.6550105640748983e-07,0.9882261510739458,0.011773683424997523
20,Investment Grade Low Risk,High Yield,0.9987386190828137,0.0012461690840866713,1.521183309996746e-05
30,Investment Grade High Risk,High Yield,0.9967543128870696,0.003209244183298226,3.6442929632201975e-05
39,Investment Grade High Risk,High Yield,0.9992156358204692,0.0007751961838532917,9.167995677263798e-06
48,Investment Grade Low Risk,Investment Grade High Risk,0.4470730365375344,0.5465897163793153,0.006337247083150226
51,Investment Grade High Risk,High Yield,0.9992270671621324,0.0007633796344729233,9.553203395048931e-06
52,Investment Grade Low Risk,Investment Grade Low Risk,2.416965e-317,0.06862933187231553,0.9313706681276849
65,Investment Grade Low Risk,High Yield,0.9990086958223471,0.0009794774051195404,1.1826772533269103e-05
66,Investment Grade Low Risk,High Yield,0.9991044281787936,0.0008849260035318238,1.0645817674525247e-05
68,Investment Grade High Risk,High Yield,0.9992434447300899,0.0007478643467347492,8.690923175707483e-06
75,Investment Grade High Risk,High Yield,0.9990124552390678,0.0009763282126487709,1.1216548283778841e-05
87,Investment Grade High Risk,High Yield,0.9992981306155745,0.0006936784312802916,8.190953145082942e-06
88,Investment Grade High Risk,High Yield,0.9993139047978595,0.0006781110718297022,7.984130310999913e-06
89,Investment Grade Low Risk,Investment Grade Low Risk,1.1511056018703483e-120,0.47835495958302043,0.5216450404169796
90,Investment Grade Low Risk,Investment Grade Low Risk,4.652428269485512e-133,0.4178470224783533,0.5821529775216466
92,Investment Grade Low Risk,Investment Grade High Risk,3.614680199940863e-05,0.9593882149428101,0.040575638255190484
93,Investment Grade High Risk,High Yield,0.999143843434193,0.0008439749715128518,1.2181594293967229e-05
94,Investment Grade High Risk,High Yield,0.9988907044880536,0.001092417269569904,1.687824237681248e-05
95,Investment Grade Low Risk,Investment Grade High Risk,0.44496110847430337,0.5412619661038526,0.013776925421844383
96,Investment Grade Low Risk,High Yield,0.6055015171136436,0.38604754273302866,0.00845094015332765
97,Investment Grade Low Risk,Investment Grade High Risk,7.415730127770783e-26,0.9852685937752327,0.014731406224767457
98,Investment Grade Low Risk,Investment Grade High Risk,2.078368433667267e-38,0.9827286543027087,0.017271345697291197
103,Investment Grade High Risk,High Yield,0.992049666866311,0.007860434856318028,8.98982773710215e-05
106,Investment Grade High Risk,High Yield,0.9750948730873081,0.023303952207010637,0.0016011747056812425
114,High Yield,High Yield,0.9992995328870367,0.0006922348149278279,8.23229803512475e-06
118,Investment Grade Low Risk,Investment Grade Low Risk,0.0,1.869348627193878e-06,0.9999981306513732
125,Investment Grade High Risk,Investment Grade High Risk,1.4467823130277928e-14,0.986852038665726,0.013147961334259719
134,Investment Grade Low Risk,Investment Grade Low Risk,0.0,2.476230187760207e-54,1.0
135,Investment Grade Low Risk,Investment Grade Low Risk,0.0,2.3797548684940957e-61,1.0
136,Investment Grade Low Risk,Investment Grade Low Risk,0.0,3.759588615412651e-14,0.9999999999999627
137,Investment Grade Low Risk,High Yield,0.5679322741915472,0.35861471524266836,0.07345301056578461
141,Investment Grade Low Risk,Investment Grade Low Risk,4.0595644754130274e-45,0.020727183646723074,0.979272816353277
143,Investment Grade High Risk,High Yield,0.9991118111907419,0.0008772467310188056,1.0942078239562391e-05
144,Investment Grade High Risk,High Yield,0.9990344954001439,0.0009528513363280236,1.2653263528224415e-05
152,Investment Grade Low Risk,High Yield,0.9858399363996637,0.013994351861938549,0.00016571173839778316
160,Investment Grade High Risk,High Yield,0.998970957365613,0.0010167538339735545,1.2288800413547158e-05
167,Investment Grade Low Risk,Investment Grade Low Risk,0.0,1.231002628275169e-79,1.0
168,Investment Grade Low Risk,High Yield,0.9941099402595274,0.005822237001178569,6.782273929401514e-05
171,Investment Grade High Risk,Investment Grade High Risk,2.9801977479927146e-128,0.8874595232362216,0.11254047676377829
175,Investment Grade High Risk,High Yield,0.9987968914315112,0.0011886533776065131,1.4455190882095767e-05
185,High Yield,High Yield,0.9984499129266264,0.00153125003049205,1.8837042881408635e-05
195,Investment Grade High Risk,High Yield,0.9989791185429018,0.0010086426153829526,1.2238841714912981e-05
202,High Yield,High Yield,0.9986758178167925,0.0013082272827522608,1.5954900455292747e-05
203,High Yield,High Yield,0.9989629563569308,0.001024633735273936,1.2409907794997078e-05
210,Investment Grade Low Risk,Investment Grade Low Risk,1.3122451440343076e-205,5.3476264999524396e-27,1.0
213,Investment Grade Low Risk,Investment Grade Low Risk,0.0,1.4965071116988695e-40,1.0
214,Investment Grade High Risk,High Yield,0.9992561131416383,0.0007353439164499012,8.542941912041008e-06
215,Investment Grade High Risk,High Yield,0.6596590342223916,0.27119018685713625,0.06915077892047229
218,Investment Grade High Risk,High Yield,0.6661604453712591,0.3300717988259623,0.0037677558027786563
232,Investment Grade High Risk,Investment Grade High Risk,5.3613723710815975e-95,0.9378201347295626,0.06217986527043706
234,Investment Grade High Risk,High Yield,0.992049666866311,0.007860434856318028,8.98982773710215e-05
239,Investment Grade Low Risk,Investment Grade Low Risk,0.0,3.012907437093701e-14,0.9999999999999698
259,Investment Grade High Risk,High Yield,0.9988897411409401,0.0010968555970268551,1.3403262032614348e-05
265,Investment Grade Low Risk,High Yield,0.9978455578391503,0.0021155297662923665,3.89123945572724e-05
268,Investment Grade Low Risk,Investment Grade High Risk,0.0490162602301336,0.5500347357339959,0.40094900403587086
279,Investment Grade Low Risk,High Yield,0.9987403246921993,0.0012444446534046502,1.5230654396165397e-05
285,Investment Grade Low Risk,Investment Grade Low Risk,0.0,0.0,1.0
296,Investment Grade High Risk,High Yield,0.9988061721044219,0.0011794848558281217,1.434303975011414e-05
301,Investment Grade Low Risk,High Yield,0.9976493751885619,0.0023046247573789967,4.600005405920505e-05
313,Investment Grade Low Risk,Investment Grade High Risk,3.547502384493611e-14,0.974642481795605,0.02535751820435979
316,Investment Grade Low Risk,High Yield,0.9925294182009544,0.0072008587307610524,0.00026972306828455567
324,Investment Grade Low Risk,High Yield,0.9975766490259399,0.002378722629473472,4.462834458676523e-05
337,Investment Grade High Risk,High Yield,0.9993133406604103,0.0006787325907187243,7.926748870883197e-06
341,Investment Grade High Risk,High Yield,0.999284511068803,0.0007070604073244027,8.428523872462403e-06
345,Investment Grade High Risk,High Yield,0.998538926696389,0.0014432962958307635,1.7777007780225346e-05
354,Investment Grade Low Risk,High Yield,0.998235039727578,0.001737271018198879,2.768925422300489e-05
360,Investment Grade Low Risk,High Yield,0.9990447168250004,0.0009437138976925488,1.1569277307240146e-05
362,Investment Grade High Risk,High Yield,0.998468435409569,0.0015130230977397727,1.8541492691423396e-05
364,Investment Grade Low Risk,High Yield,0.9991755143866676,0.0008140451523131271,1.0440461019280077e-05
370,Investment Grade High Risk,Investment Grade High Risk,2.0757137781270303e-12,0.9870229337870712,0.012977066210852891
371,Investment Grade High Risk,High Yield,0.9990122876622058,0.0009747276920736701,1.2984645720744049e-05
376,Investment Grade Low Risk,High Yield,0.9099568253993559,0.08875891082037397,0.0012842637802701238
377,Investment Grade Low Risk,Investment Grade High Risk,0.34962097358385424,0.640868143434221,0.009510882981924675
